seconds_elapsed: 0.000000 
1618857761; 1; 8; 8961; 139894849853184; -1; IWANT 
1618857761; 0; 0; 0; 0; 0; GOTRS 
seconds_elapsed: 1.000000 
seconds_elapsed: 2.000000 
